{"producer":{"name":"Blender","version":"2.79 (sub 0)","exporter_version":"5.6.4","file":"monito.babylon"},
"autoClear":true,"clearColor":[0.0509,0.0509,0.0509],"ambientColor":[0,0,0],"gravity":[0,-9.81,0],
"materials":[{"name":"monito.Material.001","id":"monito.Material.001","ambient":[0.0225,0.0179,0.0668],"diffuse":[0.018,0.0144,0.0534],"specular":[1,1,1],"emissive":[0,0,0],"specularPower":100,"alpha":1,"backFaceCulling":true,"checkReadyOnlyOnce":false,"maxSimultaneousLights":4}],
"multiMaterials":[],
"skeletons":[{"name":"Armature","id":0,"dimensionsAtRest":[191.4885,174.3604,49.6099],"bones":[
{"name":"Hips","index":0,"matrix":[0.9995,0.0025,0.0307,0,-0.002,0.9999,-0.015,0,0.0307,-0.0149,-0.9994,0,3.9658,80.0402,1.6659,1],"rest":[1,0.0002,0,0,-0.0002,0.9997,-0.0247,0,0,-0.0247,-0.9997,0,-0.0254,83.7367,-0.3599,1],"parentBoneIndex":-1,"length":10.3642
,"animation":{"dataType":3,"framePerSecond":24,"keys":[
{"frame":0,"values":[0.7286,0.0026,-0.685,0,0.0344,0.9986,0.0403,0,-0.6841,0.0529,-0.7274,0,-0.0524,74.7551,0.8605,1]},
{"frame":1,"values":[0.728,0.0026,-0.6855,0,0.0349,0.9986,0.0408,0,-0.6847,0.0536,-0.7269,0,-0.0252,74.7776,0.8783,1]},
{"frame":2,"values":[0.7285,0.0022,-0.6851,0,0.0356,0.9985,0.0411,0,-0.6842,0.0543,-0.7273,0,-0.0039,74.8053,0.8616,1]},
{"frame":3,"values":[0.7302,0.002,-0.6833,0,0.0373,0.9984,0.0427,0,-0.6823,0.0567,-0.7289,0,0.0022,74.8952,0.7171,1]},
{"frame":4,"values":[0.7301,0.002,-0.6834,0,0.0377,0.9984,0.0432,0,-0.6823,0.0573,-0.7288,0,0.0068,74.9642,0.607,1]},
{"frame":5,"values":[0.7298,0.0021,-0.6836,0,0.0384,0.9983,0.044,0,-0.6825,0.0584,-0.7285,0,0.0372,74.9996,0.4977,1]},
{"frame":6,"values":[0.7312,0.0017,-0.6822,0,0.0402,0.9981,0.0456,0,-0.681,0.0608,-0.7297,0,0.0572,75.1045,0.3073,1]},
{"frame":7,"values":[0.7306,0.0012,-0.6828,0,0.0407,0.9981,0.0453,0,-0.6816,0.0609,-0.7292,0,0.058,75.181,0.2271,1]},
{"frame":8,"values":[0.7302,0.001,-0.6832,0,0.041,0.9981,0.0452,0,-0.682,0.0611,-0.7288,0,0.0614,75.225,0.1447,1]},
{"frame":9,"values":[0.7308,0.001,-0.6826,0,0.0412,0.9981,0.0456,0,-0.6814,0.0614,-0.7293,0,0.0538,75.2587,0.0434,1]},
{"frame":10,"values":[0.7309,0.0011,-0.6825,0,0.0412,0.9981,0.0457,0,-0.6812,0.0615,-0.7295,0,0.0445,75.2876,-0.0437,1]},
{"frame":11,"values":[0.7301,0.001,-0.6833,0,0.0406,0.9982,0.0449,0,-0.6821,0.0605,-0.7288,0,0.0252,75.3088,-0.0948,1]},
{"frame":12,"values":[0.73,0.0009,-0.6834,0,0.0404,0.9982,0.0445,0,-0.6822,0.0601,-0.7287,0,0.0172,75.2794,-0.0613,1]},
{"frame":13,"values":[0.7305,0.0009,-0.6829,0,0.0405,0.9982,0.0446,0,-0.6817,0.0603,-0.7291,0,0.0131,75.2151,0.0022,1]},
{"frame":14,"values":[0.7304,0.0009,-0.683,0,0.0398,0.9982,0.0438,0,-0.6819,0.0592,-0.7291,0,-0.009,75.1722,0.1614,1]},
{"frame":15,"values":[0.73,0.0011,-0.6835,0,0.0392,0.9983,0.0435,0,-0.6823,0.0586,-0.7287,0,-0.0129,75.1191,0.2492,1]},
{"frame":16,"values":[0.7304,0.0013,-0.683,0,0.0389,0.9983,0.0436,0,-0.6819,0.0584,-0.7291,0,-0.0256,75.0418,0.3236,1]},
{"frame":17,"values":[0.7299,0.0017,-0.6836,0,0.0382,0.9983,0.0433,0,-0.6825,0.0577,-0.7286,0,-0.0463,75.011,0.3927,1]},
{"frame":18,"values":[0.7291,0.0019,-0.6844,0,0.0376,0.9984,0.0429,0,-0.6834,0.057,-0.7278,0,-0.0597,74.9677,0.4874,1]},
{"frame":19,"values":[0.7292,0.0022,-0.6843,0,0.0365,0.9984,0.0421,0,-0.6833,0.0556,-0.728,0,-0.0744,74.8665,0.6953,1]},
{"frame":20,"values":[0.7292,0.0025,-0.6842,0,0.0357,0.9985,0.0417,0,-0.6833,0.0548,-0.7281,0,-0.0704,74.8337,0.7644,1]},
{"frame":21,"values":[0.7286,0.0026,-0.6849,0,0.0354,0.9985,0.0414,0,-0.684,0.0544,-0.7275,0,-0.0579,74.7963,0.7982,1]},
{"frame":22,"values":[0.7284,0.0026,-0.6851,0,0.0347,0.9986,0.0407,0,-0.6843,0.0534,-0.7273,0,-0.0533,74.7591,0.8452,1]},
{"frame":30,"values":[0.9994,-0.0359,0.002,0,0.036,0.9987,-0.037,0,0.0006,-0.0371,-0.9993,0,-0.5759,79.0795,-0.624,1]},
{"frame":31,"values":[0.9997,-0.0207,-0.011,0,0.0203,0.9992,-0.0352,0,-0.0117,-0.035,-0.9993,0,-0.855,79.7867,0.0532,1]},
{"frame":32,"values":[0.9997,-0.0124,-0.0227,0,0.0116,0.9992,-0.0377,0,-0.0231,-0.0374,-0.999,0,-1.0898,80.4113,0.8384,1]},
{"frame":33,"values":[0.999,-0.0096,-0.0435,0,0.0071,0.9982,-0.0591,0,-0.044,-0.0588,-0.9973,0,-1.4235,81.0658,2.4693,1]},
{"frame":34,"values":[0.9984,-0.0154,-0.055,0,0.0114,0.9973,-0.073,0,-0.0559,-0.0723,-0.9958,0,-1.494,80.8244,3.0752,1]},
{"frame":35,"values":[0.9973,-0.0276,-0.0683,0,0.0219,0.9963,-0.0833,0,-0.0704,-0.0816,-0.9942,0,-1.4796,79.9664,3.1877,1]},
{"frame":36,"values":[0.9958,-0.0367,-0.0838,0,0.0291,0.9955,-0.0902,0,-0.0868,-0.0873,-0.9924,0,-1.4296,79.085,3.0109,1]},
{"frame":37,"values":[0.9926,-0.0205,-0.1197,0,0.0089,0.9952,-0.0972,0,-0.1212,-0.0954,-0.988,0,-1.0959,77.7375,1.66,1]},
{"frame":38,"values":[0.9902,0.0054,-0.1395,0,-0.0188,0.9953,-0.095,0,-0.1383,-0.0967,-0.9857,0,-0.7564,77.1731,0.5164,1]},
{"frame":39,"values":[0.9869,0.035,-0.1573,0,-0.0488,0.9952,-0.0849,0,-0.1536,-0.0915,-0.9839,0,-0.3078,76.3994,-0.8375,1]},
{"frame":40,"values":[0.9827,0.065,-0.1734,0,-0.0782,0.9945,-0.07,0,-0.1679,-0.0824,-0.9824,0,0.2498,75.6222,-1.8504,1]},
{"frame":41,"values":[0.9728,0.1147,-0.2012,0,-0.1251,0.9914,-0.0394,0,-0.195,-0.0635,-0.9787,0,1.3866,74.2776,-2.6377,1]},
{"frame":42,"values":[0.9698,0.1264,-0.2084,0,-0.1345,0.9906,-0.0252,0,-0.2032,-0.0524,-0.9777,0,1.8175,74.0865,-2.6987,1]},
{"frame":43,"values":[0.9713,0.1259,-0.2016,0,-0.1307,0.9914,-0.0104,0,-0.1985,-0.0365,-0.9794,0,2.1344,74.4983,-2.7087,1]},
{"frame":44,"values":[0.9832,0.1064,-0.1481,0,-0.1064,0.9943,0.0077,0,-0.148,-0.0082,-0.9889,0,2.628,76.4995,-2.3536,1]},
{"frame":45,"values":[0.9888,0.0941,-0.1154,0,-0.0937,0.9956,0.0094,0,-0.1158,-0.0015,-0.9933,0,2.8584,77.6848,-1.9697,1]},
{"frame":46,"values":[0.9927,0.0821,-0.0884,0,-0.0816,0.9966,0.0088,0,-0.0888,0.0016,-0.996,0,3.0819,78.7615,-1.4763,1]},
{"frame":47,"values":[0.9953,0.0693,-0.0675,0,-0.0689,0.9976,0.0085,0,-0.0679,0.0039,-0.9977,0,3.2891,79.6267,-0.897,1]},
{"frame":48,"values":[0.9986,0.0433,-0.0314,0,-0.043,0.999,0.0092,0,-0.0317,0.0078,-0.9995,0,3.634,80.5289,0.4463,1]},
{"frame":49,"values":[0.9994,0.0306,-0.0144,0,-0.0304,0.9995,0.0086,0,-0.0146,0.0082,-0.9999,0,3.7655,80.5425,1.1425,1]},
{"frame":50,"values":[0.9998,0.0184,0.0017,0,-0.0184,0.9998,0.0053,0,0.0016,0.0054,-1,0,3.8667,80.3331,1.7452,1]},
{"frame":51,"values":[0.9998,0.0087,0.0168,0,-0.0086,1,-0.0023,0,0.0168,-0.0022,-0.9999,0,3.9349,80.183,1.9795,1]},
{"frame":52,"values":[0.9995,0.0025,0.0307,0,-0.002,0.9999,-0.015,0,0.0307,-0.0149,-0.9994,0,3.9658,80.0402,1.6659,1]},
{"frame":53,"values":[0.9984,-0.0076,0.0566,0,0.0106,0.9986,-0.0525,0,0.0561,-0.053,-0.997,0,3.8928,80.0675,0.1725,1]},
{"frame":54,"values":[0.9976,-0.0129,0.0682,0,0.018,0.9971,-0.0737,0,0.067,-0.0748,-0.9949,0,3.754,79.8913,-0.6809,1]},
{"frame":55,"values":[0.9968,-0.0176,0.0775,0,0.0247,0.9954,-0.0921,0,0.0756,-0.0938,-0.9927,0,3.5123,79.4784,-1.5559,1]},
{"frame":56,"values":[0.9962,-0.0241,0.0831,0,0.0325,0.9943,-0.1013,0,0.0802,-0.1036,-0.9914,0,3.1323,78.7074,-2.3925,1]},
{"frame":57,"values":[0.9946,-0.0555,0.0881,0,0.0634,0.994,-0.0896,0,0.0826,-0.0947,-0.9921,0,2.0459,76.7033,-3.1023,1]},
{"frame":58,"values":[0.9931,-0.0762,0.0896,0,0.0832,0.9935,-0.0771,0,0.0832,-0.084,-0.993,0,1.5222,75.8983,-2.9285,1]},
{"frame":59,"values":[0.9918,-0.0907,0.0896,0,0.0969,0.993,-0.0677,0,0.0828,-0.0758,-0.9937,0,1.1133,75.6032,-2.6322,1]},
{"frame":60,"values":[0.9919,-0.0961,0.0834,0,0.1013,0.993,-0.0608,0,0.077,-0.0688,-0.9947,0,0.783,75.8349,-2.309,1]},
{"frame":61,"values":[0.9954,-0.0826,0.0478,0,0.0849,0.9952,-0.0487,0,0.0436,-0.0525,-0.9977,0,0.1839,77.2248,-1.6165,1]},
{"frame":62,"values":[0.9976,-0.0645,0.0246,0,0.0655,0.9969,-0.0428,0,0.0218,-0.0443,-0.9988,0,-0.1458,78.0812,-1.2308,1]},
{"frame":63,"values":[0.9991,-0.0418,0.0064,0,0.042,0.9984,-0.0382,0,0.0048,-0.0384,-0.9993,0,-0.4896,78.8808,-0.7474,1]}],"loopBehavior":1,"name":"anim","property":"_matrix"}},
{"name":"Spine","index":1,"matrix":[0.9983,-0.0038,0.0576,0,0.0022,0.9996,0.0275,0,-0.0576,-0.0273,0.998,0,0,10.3642,0,1],"rest":[1,0.0001,0,0,-0.0001,0.9999,-0.0148,0,0,0.0148,0.9999,0,0,10.3642,0,1],"parentBoneIndex":0,"length":7.1519
,"animation":{"dataType":3,"framePerSecond":24,"keys":[
{"frame":0,"values":[0.9964,-0.0151,-0.0831,0,0.0222,0.9961,0.0851,0,0.0815,-0.0866,0.9929,0,0,10.3642,0,1]},
{"frame":1,"values":[0.9964,-0.0151,-0.0832,0,0.0222,0.9961,0.0849,0,0.0815,-0.0864,0.9929,0,0,10.3642,0,1]},
{"frame":2,"values":[0.9964,-0.0149,-0.0829,0,0.0219,0.9962,0.0845,0,0.0813,-0.086,0.993,0,0,10.3642,0,1]},
{"frame":3,"values":[0.9965,-0.0143,-0.0822,0,0.0212,0.9963,0.0831,0,0.0807,-0.0845,0.9931,0,0,10.3642,0,1]},
{"frame":4,"values":[0.9965,-0.0141,-0.0824,0,0.0209,0.9964,0.082,0,0.0809,-0.0835,0.9932,0,0,10.3642,0,1]},
{"frame":5,"values":[0.9965,-0.0138,-0.0825,0,0.0206,0.9965,0.0812,0,0.0811,-0.0826,0.9933,0,0,10.3642,0,1]},
{"frame":6,"values":[0.9965,-0.0131,-0.0821,0,0.0196,0.9967,0.0794,0,0.0808,-0.0807,0.9935,0,0,10.3642,0,1]},
{"frame":7,"values":[0.9965,-0.0128,-0.0822,0,0.0193,0.9967,0.0784,0,0.0809,-0.0798,0.9935,0,0,10.3642,0,1]},
{"frame":8,"values":[0.9965,-0.0126,-0.0822,0,0.019,0.9968,0.0777,0,0.081,-0.079,0.9936,0,0,10.3642,0,1]},
{"frame":9,"values":[0.9965,-0.0124,-0.0821,0,0.0187,0.9969,0.0771,0,0.0809,-0.0783,0.9936,0,0,10.3642,0,1]},
{"frame":10,"values":[0.9965,-0.0123,-0.0821,0,0.0186,0.9969,0.0766,0,0.0809,-0.0778,0.9937,0,0,10.3642,0,1]},
{"frame":11,"values":[0.9965,-0.0124,-0.0822,0,0.0188,0.9969,0.0769,0,0.081,-0.0782,0.9936,0,0,10.3642,0,1]},
{"frame":12,"values":[0.9965,-0.0126,-0.0823,0,0.019,0.9968,0.0775,0,0.0811,-0.0788,0.9936,0,0,10.3642,0,1]},
{"frame":13,"values":[0.9965,-0.0128,-0.0822,0,0.0192,0.9967,0.0784,0,0.081,-0.0797,0.9935,0,0,10.3642,0,1]},
{"frame":14,"values":[0.9965,-0.0132,-0.0824,0,0.0198,0.9966,0.0798,0,0.0811,-0.0812,0.9934,0,0,10.3642,0,1]},
{"frame":15,"values":[0.9965,-0.0134,-0.0824,0,0.0201,0.9965,0.0806,0,0.0811,-0.0819,0.9933,0,0,10.3642,0,1]},
{"frame":16,"values":[0.9965,-0.0136,-0.0824,0,0.0203,0.9965,0.0813,0,0.081,-0.0826,0.9933,0,0,10.3642,0,1]},
{"frame":17,"values":[0.9965,-0.0138,-0.0826,0,0.0206,0.9964,0.0818,0,0.0811,-0.0832,0.9932,0,0,10.3642,0,1]},
{"frame":18,"values":[0.9965,-0.0141,-0.0828,0,0.021,0.9964,0.0824,0,0.0813,-0.0838,0.9932,0,0,10.3642,0,1]},
{"frame":19,"values":[0.9964,-0.0146,-0.083,0,0.0216,0.9963,0.0836,0,0.0815,-0.0851,0.993,0,0,10.3642,0,1]},
{"frame":20,"values":[0.9964,-0.0148,-0.083,0,0.0218,0.9962,0.0841,0,0.0815,-0.0856,0.993,0,0,10.3642,0,1]},
{"frame":21,"values":[0.9964,-0.0148,-0.0831,0,0.0219,0.9962,0.0845,0,0.0816,-0.086,0.9929,0,0,10.3642,0,1]},
{"frame":22,"values":[0.9964,-0.015,-0.0832,0,0.0221,0.9961,0.085,0,0.0816,-0.0866,0.9929,0,0,10.3642,0,1]},
{"frame":30,"values":[0.9991,0.0291,-0.0296,0,-0.0283,0.9992,0.027,0,0.0304,-0.0261,0.9992,0,0,10.3642,0,1]},
{"frame":31,"values":[0.9991,0.023,-0.0364,0,-0.022,0.9994,0.0279,0,0.037,-0.027,0.9989,0,0,10.3642,0,1]},
{"frame":32,"values":[0.9989,0.0203,-0.0425,0,-0.0192,0.9994,0.0274,0,0.0431,-0.0266,0.9987,0,0,10.3642,0,1]},
{"frame":33,"values":[0.9985,0.0147,-0.0528,0,-0.0136,0.9997,0.0211,0,0.0531,-0.0203,0.9984,0,0,10.3642,0,1]},
{"frame":34,"values":[0.9982,0.015,-0.0582,0,-0.0142,0.9998,0.0157,0,0.0584,-0.0148,0.9982,0,0,10.3642,0,1]},
{"frame":35,"values":[0.9978,0.0205,-0.0628,0,-0.0199,0.9997,0.0113,0,0.063,-0.01,0.998,0,0,10.3642,0,1]},
{"frame":36,"values":[0.9976,0.0228,-0.0652,0,-0.0223,0.9997,0.0091,0,0.0654,-0.0076,0.9978,0,0,10.3642,0,1]},
{"frame":37,"values":[0.998,0.0105,-0.0626,0,-0.0099,0.9999,0.009,0,0.0627,-0.0083,0.998,0,0,10.3642,0,1]},
{"frame":38,"values":[0.9982,-0.001,-0.0594,0,0.0016,1,0.0099,0,0.0594,-0.01,0.9982,0,0,10.3642,0,1]},
{"frame":39,"values":[0.9984,-0.0141,-0.055,0,0.0148,0.9998,0.0118,0,0.0548,-0.0126,0.9984,0,0,10.3642,0,1]},
{"frame":40,"values":[0.9982,-0.0318,-0.0511,0,0.0326,0.9994,0.0144,0,0.0506,-0.016,0.9986,0,0,10.3642,0,1]},
{"frame":41,"values":[0.9969,-0.0658,-0.0436,0,0.0667,0.9976,0.0176,0,0.0423,-0.0204,0.9989,0,0,10.3642,0,1]},
{"frame":42,"values":[0.9967,-0.0723,-0.0369,0,0.073,0.9971,0.0193,0,0.0354,-0.0219,0.9991,0,0,10.3642,0,1]},
{"frame":43,"values":[0.9972,-0.0701,-0.027,0,0.0707,0.9972,0.0228,0,0.0253,-0.0247,0.9994,0,0,10.3642,0,1]},
{"frame":44,"values":[0.9986,-0.0535,-0.0018,0,0.0536,0.9981,0.0293,0,0.0002,-0.0293,0.9996,0,0,10.3642,0,1]},
{"frame":45,"values":[0.999,-0.0436,0.0114,0,0.0432,0.9986,0.0306,0,-0.0127,-0.0301,0.9995,0,0,10.3642,0,1]},
{"frame":46,"values":[0.9991,-0.0347,0.0231,0,0.0339,0.9989,0.0317,0,-0.0242,-0.0309,0.9992,0,0,10.3642,0,1]},
{"frame":47,"values":[0.9991,-0.0283,0.0317,0,0.0273,0.9991,0.0337,0,-0.0326,-0.0328,0.9989,0,0,10.3642,0,1]},
{"frame":48,"values":[0.9989,-0.018,0.0425,0,0.0165,0.9992,0.0364,0,-0.0431,-0.0356,0.9984,0,0,10.3642,0,1]},
{"frame":49,"values":[0.9988,-0.0125,0.0476,0,0.0108,0.9993,0.0359,0,-0.048,-0.0354,0.9982,0,0,10.3642,0,1]},
{"frame":50,"values":[0.9986,-0.0071,0.0526,0,0.0053,0.9994,0.0344,0,-0.0528,-0.034,0.998,0,0,10.3642,0,1]},
{"frame":51,"values":[0.9985,-0.0038,0.0555,0,0.002,0.9995,0.0314,0,-0.0555,-0.0313,0.998,0,0,10.3642,0,1]},
{"frame":52,"values":[0.9983,-0.0038,0.0576,0,0.0022,0.9996,0.0275,0,-0.0576,-0.0273,0.998,0,0,10.3642,0,1]},
{"frame":53,"values":[0.9983,0.0013,0.058,0,-0.0024,0.9998,0.019,0,-0.0579,-0.0191,0.9981,0,0,10.3642,0,1]},
{"frame":54,"values":[0.9984,0.0077,0.0566,0,-0.0086,0.9998,0.0153,0,-0.0565,-0.0157,0.9983,0,0,10.3642,0,1]},
{"frame":55,"values":[0.9984,0.0146,0.0548,0,-0.0153,0.9998,0.0122,0,-0.0546,-0.013,0.9984,0,0,10.3642,0,1]},
{"frame":56,"values":[0.9985,0.0234,0.0502,0,-0.0239,0.9997,0.0101,0,-0.05,-0.0113,0.9987,0,0,10.3642,0,1]},
{"frame":57,"values":[0.9982,0.0485,0.0359,0,-0.049,0.9987,0.0105,0,-0.0353,-0.0123,0.9993,0,0,10.3642,0,1]},
{"frame":58,"values":[0.9977,0.0605,0.0295,0,-0.0609,0.9981,0.0127,0,-0.0287,-0.0144,0.9995,0,0,10.3642,0,1]},
{"frame":59,"values":[0.9975,0.0665,0.0233,0,-0.0669,0.9976,0.0151,0,-0.0222,-0.0166,0.9996,0,0,10.3642,0,1]},
{"frame":60,"values":[0.9977,0.0658,0.0149,0,-0.0661,0.9977,0.0176,0,-0.0137,-0.0186,0.9997,0,0,10.3642,0,1]},
{"frame":61,"values":[0.9986,0.0521,-0.0077,0,-0.0519,0.9984,0.0226,0,0.0089,-0.0222,0.9997,0,0,10.3642,0,1]},
{"frame":62,"values":[0.9989,0.0418,-0.0188,0,-0.0413,0.9988,0.0248,0,0.0198,-0.024,0.9995,0,0,10.3642,0,1]},
{"frame":63,"values":[0.9991,0.0317,-0.0275,0,-0.0309,0.9992,0.0266,0,0.0283,-0.0257,0.9993,0,0,10.3642,0,1]}],"loopBehavior":1,"name":"anim","property":"_matrix"}},
{"name":"Spine1","index":2,"matrix":[0.992,0.0288,0.1233,0,-0.0391,0.9959,0.082,0,-0.1204,-0.0862,0.989,0,0,7.1519,0,1],"rest":[1,0.0001,0,0,-0.0001,1,-0.0085,0,0,0.0085,1,0,0,7.1519,0,1],"parentBoneIndex":1,"length":6.9988
,"animation":{"dataType":3,"framePerSecond":24,"keys":[
{"frame":0,"values":[0.9862,-0.022,-0.1641,0,0.0532,0.9807,0.1883,0,0.1568,-0.1944,0.9683,0,0,7.1519,0,1]},
{"frame":1,"values":[0.9862,-0.022,-0.1641,0,0.0531,0.9807,0.1879,0,0.1568,-0.194,0.9684,0,0,7.1519,0,1]},
{"frame":2,"values":[0.9863,-0.0217,-0.1635,0,0.0527,0.9809,0.1872,0,0.1564,-0.1932,0.9686,0,0,7.1519,0,1]},
{"frame":3,"values":[0.9865,-0.0211,-0.1623,0,0.0513,0.9815,0.1844,0,0.1554,-0.1903,0.9694,0,0,7.1519,0,1]},
{"frame":4,"values":[0.9865,-0.0209,-0.1626,0,0.0509,0.9819,0.1824,0,0.1558,-0.1882,0.9697,0,0,7.1519,0,1]},
{"frame":5,"values":[0.9864,-0.0206,-0.1628,0,0.0504,0.9822,0.1807,0,0.1562,-0.1864,0.97,0,0,7.1519,0,1]},
{"frame":6,"values":[0.9866,-0.0198,-0.162,0,0.0488,0.983,0.1772,0,0.1558,-0.1828,0.9707,0,0,7.1519,0,1]},
{"frame":7,"values":[0.9865,-0.0195,-0.1623,0,0.0483,0.9833,0.1754,0,0.1562,-0.1809,0.971,0,0,7.1519,0,1]},
{"frame":8,"values":[0.9865,-0.0193,-0.1623,0,0.0479,0.9836,0.174,0,0.1563,-0.1795,0.9713,0,0,7.1519,0,1]},
{"frame":9,"values":[0.9866,-0.0192,-0.1621,0,0.0475,0.9838,0.1727,0,0.1562,-0.1781,0.9715,0,0,7.1519,0,1]},
{"frame":10,"values":[0.9866,-0.0192,-0.1622,0,0.0473,0.984,0.1718,0,0.1563,-0.1772,0.9717,0,0,7.1519,0,1]},
{"frame":11,"values":[0.9865,-0.0195,-0.1625,0,0.0479,0.9839,0.1724,0,0.1565,-0.1779,0.9715,0,0,7.1519,0,1]},
{"frame":12,"values":[0.9865,-0.0197,-0.1627,0,0.0483,0.9836,0.1736,0,0.1566,-0.1791,0.9713,0,0,7.1519,0,1]},
{"frame":13,"values":[0.9865,-0.0198,-0.1625,0,0.0487,0.9833,0.1753,0,0.1563,-0.1809,0.971,0,0,7.1519,0,1]},
{"frame":14,"values":[0.9865,-0.0202,-0.1627,0,0.0495,0.9828,0.1781,0,0.1563,-0.1837,0.9705,0,0,7.1519,0,1]},
{"frame":15,"values":[0.9864,-0.0204,-0.1628,0,0.0499,0.9825,0.1795,0,0.1563,-0.1852,0.9702,0,0,7.1519,0,1]},
{"frame":16,"values":[0.9865,-0.0205,-0.1627,0,0.0502,0.9822,0.1809,0,0.1561,-0.1866,0.97,0,0,7.1519,0,1]},
{"frame":17,"values":[0.9864,-0.0208,-0.163,0,0.0508,0.982,0.1819,0,0.1563,-0.1877,0.9697,0,0,7.1519,0,1]},
{"frame":18,"values":[0.9863,-0.0211,-0.1635,0,0.0514,0.9818,0.183,0,0.1567,-0.1889,0.9694,0,0,7.1519,0,1]},
{"frame":19,"values":[0.9863,-0.0215,-0.1638,0,0.0522,0.9813,0.1855,0,0.1568,-0.1915,0.9689,0,0,7.1519,0,1]},
{"frame":20,"values":[0.9862,-0.0216,-0.1639,0,0.0525,0.9811,0.1865,0,0.1567,-0.1925,0.9687,0,0,7.1519,0,1]},
{"frame":21,"values":[0.9862,-0.0216,-0.1641,0,0.0527,0.9809,0.1872,0,0.1569,-0.1933,0.9685,0,0,7.1519,0,1]},
{"frame":22,"values":[0.9862,-0.0218,-0.1641,0,0.053,0.9807,0.1882,0,0.1569,-0.1943,0.9683,0,0,7.1519,0,1]},
{"frame":30,"values":[0.9984,-0.0157,-0.0548,0,0.0195,0.9974,0.07,0,0.0536,-0.071,0.996,0,0,7.1519,0,1]},
{"frame":31,"values":[0.9971,-0.0259,-0.0717,0,0.0311,0.9969,0.0719,0,0.0696,-0.074,0.9948,0,0,7.1519,0,1]},
{"frame":32,"values":[0.9958,-0.0323,-0.0852,0,0.0385,0.9967,0.0721,0,0.0826,-0.0751,0.9938,0,0,7.1519,0,1]},
{"frame":33,"values":[0.9939,-0.0378,-0.1034,0,0.0445,0.997,0.0638,0,0.1007,-0.068,0.9926,0,0,7.1519,0,1]},
{"frame":34,"values":[0.9933,-0.0381,-0.109,0,0.0444,0.9974,0.0562,0,0.1066,-0.0607,0.9924,0,0,7.1519,0,1]},
{"frame":35,"values":[0.9929,-0.0365,-0.1129,0,0.0424,0.9978,0.0503,0,0.1108,-0.0547,0.9923,0,0,7.1519,0,1]},
{"frame":36,"values":[0.9926,-0.0349,-0.1165,0,0.0406,0.998,0.0475,0,0.1146,-0.0519,0.9921,0,0,7.1519,0,1]},
{"frame":37,"values":[0.9917,-0.0415,-0.1217,0,0.0474,0.9978,0.0456,0,0.1196,-0.051,0.9915,0,0,7.1519,0,1]},
{"frame":38,"values":[0.9914,-0.0523,-0.1202,0,0.058,0.9973,0.0449,0,0.1176,-0.0514,0.9917,0,0,7.1519,0,1]},
{"frame":39,"values":[0.9911,-0.0663,-0.1152,0,0.072,0.9963,0.0459,0,0.1118,-0.0538,0.9923,0,0,7.1519,0,1]},
{"frame":40,"values":[0.9907,-0.0794,-0.1108,0,0.0851,0.9952,0.0482,0,0.1064,-0.0572,0.9927,0,0,7.1519,0,1]},
{"frame":41,"values":[0.9907,-0.0884,-0.1033,0,0.094,0.9942,0.0515,0,0.0981,-0.0607,0.9933,0,0,7.1519,0,1]},
{"frame":42,"values":[0.9923,-0.0809,-0.0935,0,0.0863,0.9947,0.0551,0,0.0886,-0.0627,0.9941,0,0,7.1519,0,1]},
{"frame":43,"values":[0.9949,-0.0671,-0.0751,0,0.0719,0.9954,0.0631,0,0.0705,-0.0682,0.9952,0,0,7.1519,0,1]},
{"frame":44,"values":[0.9992,-0.0349,-0.0181,0,0.0362,0.9964,0.077,0,0.0154,-0.0776,0.9969,0,0,7.1519,0,1]},
{"frame":45,"values":[0.9997,-0.0198,0.0138,0,0.0186,0.9967,0.0794,0,-0.0153,-0.0791,0.9968,0,0,7.1519,0,1]},
{"frame":46,"values":[0.9991,-0.0067,0.0423,0,0.0033,0.9967,0.0808,0,-0.0427,-0.0806,0.9958,0,0,7.1519,0,1]},
{"frame":47,"values":[0.998,0.0025,0.0637,0,-0.0079,0.9964,0.0843,0,-0.0632,-0.0846,0.9944,0,0,7.1519,0,1]},
{"frame":48,"values":[0.9959,0.0117,0.09,0,-0.0199,0.9956,0.0913,0,-0.0885,-0.0927,0.9918,0,0,7.1519,0,1]},
{"frame":49,"values":[0.9948,0.015,0.1007,0,-0.0244,0.9954,0.0924,0,-0.0989,-0.0944,0.9906,0,0,7.1519,0,1]},
{"frame":50,"values":[0.9936,0.019,0.1112,0,-0.0293,0.9954,0.0917,0,-0.1089,-0.0943,0.9896,0,0,7.1519,0,1]},
{"frame":51,"values":[0.9927,0.0235,0.118,0,-0.0341,0.9955,0.0883,0,-0.1154,-0.0917,0.9891,0,0,7.1519,0,1]},
{"frame":52,"values":[0.992,0.0288,0.1233,0,-0.0391,0.9959,0.082,0,-0.1204,-0.0862,0.989,0,0,7.1519,0,1]},
{"frame":53,"values":[0.991,0.0421,0.1272,0,-0.0505,0.9967,0.0638,0,-0.1241,-0.0696,0.9898,0,0,7.1519,0,1]},
{"frame":54,"values":[0.9908,0.0491,0.1265,0,-0.0563,0.9969,0.0544,0,-0.1235,-0.061,0.9905,0,0,7.1519,0,1]},
{"frame":55,"values":[0.9907,0.0563,0.1242,0,-0.0624,0.997,0.0459,0,-0.1213,-0.0532,0.9912,0,0,7.1519,0,1]},
{"frame":56,"values":[0.991,0.0639,0.1175,0,-0.0689,0.9968,0.0394,0,-0.1146,-0.0471,0.9923,0,0,7.1519,0,1]},
{"frame":57,"values":[0.9927,0.0729,0.0964,0,-0.0768,0.9963,0.0382,0,-0.0932,-0.0453,0.9946,0,0,7.1519,0,1]},
{"frame":58,"values":[0.9938,0.0695,0.0868,0,-0.0734,0.9964,0.0424,0,-0.0835,-0.0485,0.9953,0,0,7.1519,0,1]},
{"frame":59,"values":[0.9953,0.061,0.0754,0,-0.0647,0.9968,0.0474,0,-0.0722,-0.0521,0.996,0,0,7.1519,0,1]},
{"frame":60,"values":[0.9972,0.0492,0.0571,0,-0.0522,0.9972,0.0527,0,-0.0543,-0.0555,0.997,0,0,7.1519,0,1]},
{"frame":61,"values":[0.9998,0.0196,0.0027,0,-0.0197,0.9979,0.0624,0,-0.0015,-0.0624,0.998,0,0,7.1519,0,1]},
{"frame":62,"values":[0.9997,0.0031,-0.0259,0,-0.0013,0.9978,0.0662,0,0.0261,-0.0662,0.9975,0,0,7.1519,0,1]},
{"frame":63,"values":[0.9987,-0.012,-0.0492,0,0.0154,0.9975,0.0693,0,0.0482,-0.0699,0.9964,0,0,7.1519,0,1]}],"loopBehavior":1,"name":"anim","property":"_matrix"}},
{"name":"Spine2","index":3,"matrix":[0.9919,0.0279,0.1236,0,-0.0343,0.9982,0.05,0,-0.122,-0.0538,0.9911,0,0,6.9988,0,1],"rest":[1,-0.0002,0,0,0.0002,0.9992,-0.0403,0,0,0.0403,0.9992,0,0,6.9988,0,1],"parentBoneIndex":2,"length":17.2034
,"animation":{"dataType":3,"framePerSecond":24,"keys":[
{"frame":0,"values":[0.9862,-0.0209,-0.1643,0,0.0471,0.9864,0.1575,0,0.1588,-0.163,0.9738,0,0,6.9988,0,1]},
{"frame":1,"values":[0.9862,-0.0208,-0.1643,0,0.047,0.9865,0.1571,0,0.1588,-0.1627,0.9738,0,0,6.9988,0,1]},
{"frame":2,"values":[0.9863,-0.0206,-0.1638,0,0.0466,0.9866,0.1564,0,0.1584,-0.1618,0.974,0,0,6.9988,0,1]},
{"frame":3,"values":[0.9865,-0.02,-0.1625,0,0.0453,0.9871,0.1536,0,0.1573,-0.1589,0.9747,0,0,6.9987,0,1]},
{"frame":4,"values":[0.9865,-0.0198,-0.1628,0,0.0448,0.9874,0.1516,0,0.1578,-0.1568,0.9749,0,0,6.9987,0,1]},
{"frame":5,"values":[0.9864,-0.0195,-0.163,0,0.0443,0.9877,0.1498,0,0.1581,-0.155,0.9752,0,0,6.9987,0,1]},
{"frame":6,"values":[0.9866,-0.0187,-0.1622,0,0.0428,0.9883,0.1464,0,0.1576,-0.1513,0.9758,0,0,6.9988,0,1]},
{"frame":7,"values":[0.9865,-0.0184,-0.1625,0,0.0422,0.9886,0.1446,0,0.158,-0.1495,0.9761,0,0,6.9988,0,1]},
{"frame":8,"values":[0.9865,-0.0182,-0.1625,0,0.0418,0.9888,0.1431,0,0.1581,-0.148,0.9763,0,0,6.9988,0,1]},
{"frame":9,"values":[0.9866,-0.0181,-0.1623,0,0.0414,0.989,0.1418,0,0.158,-0.1467,0.9765,0,0,6.9988,0,1]},
{"frame":10,"values":[0.9866,-0.018,-0.1623,0,0.0413,0.9892,0.1409,0,0.158,-0.1457,0.9766,0,0,6.9987,0,1]},
{"frame":11,"values":[0.9865,-0.0184,-0.1627,0,0.0418,0.989,0.1415,0,0.1583,-0.1464,0.9765,0,0,6.9988,0,1]},
{"frame":12,"values":[0.9865,-0.0186,-0.1629,0,0.0422,0.9889,0.1427,0,0.1584,-0.1477,0.9763,0,0,6.9987,0,1]},
{"frame":13,"values":[0.9865,-0.0187,-0.1627,0,0.0426,0.9886,0.1444,0,0.1581,-0.1494,0.976,0,0,6.9988,0,1]},
{"frame":14,"values":[0.9865,-0.0191,-0.1629,0,0.0434,0.9881,0.1472,0,0.1582,-0.1523,0.9756,0,0,6.9987,0,1]},
{"frame":15,"values":[0.9864,-0.0192,-0.163,0,0.0438,0.9879,0.1487,0,0.1582,-0.1538,0.9754,0,0,6.9988,0,1]},
{"frame":16,"values":[0.9865,-0.0194,-0.1629,0,0.0442,0.9877,0.15,0,0.158,-0.1552,0.9752,0,0,6.9988,0,1]},
{"frame":17,"values":[0.9864,-0.0197,-0.1632,0,0.0447,0.9875,0.151,0,0.1582,-0.1563,0.975,0,0,6.9988,0,1]},
{"frame":18,"values":[0.9863,-0.02,-0.1637,0,0.0453,0.9873,0.1522,0,0.1586,-0.1575,0.9747,0,0,6.9988,0,1]},
{"frame":19,"values":[0.9862,-0.0204,-0.164,0,0.0461,0.9869,0.1546,0,0.1587,-0.1601,0.9743,0,0,6.9987,0,1]},
{"frame":20,"values":[0.9862,-0.0205,-0.1641,0,0.0464,0.9867,0.1556,0,0.1587,-0.1611,0.9741,0,0,6.9987,0,1]},
{"frame":21,"values":[0.9862,-0.0205,-0.1643,0,0.0465,0.9866,0.1564,0,0.1589,-0.1619,0.9739,0,0,6.9987,0,1]},
{"frame":22,"values":[0.9862,-0.0206,-0.1644,0,0.0469,0.9864,0.1574,0,0.1589,-0.1629,0.9738,0,0,6.9988,0,1]},
{"frame":30,"values":[0.9984,-0.0151,-0.055,0,0.0172,0.9991,0.0384,0,0.0543,-0.0393,0.9978,0,0,6.9987,0,1]},
{"frame":31,"values":[0.9971,-0.0251,-0.0721,0,0.0281,0.9988,0.0403,0,0.071,-0.0422,0.9966,0,0,6.9987,0,1]},
{"frame":32,"values":[0.9958,-0.0314,-0.0858,0,0.0349,0.9986,0.0403,0,0.0844,-0.0432,0.9955,0,0,6.9988,0,1]},
{"frame":33,"values":[0.9939,-0.037,-0.1041,0,0.0405,0.9987,0.0317,0,0.1028,-0.0358,0.9941,0,0,6.9988,0,1]},
{"frame":34,"values":[0.9933,-0.0376,-0.1096,0,0.0405,0.9989,0.0241,0,0.1086,-0.0283,0.9937,0,0,6.9988,0,1]},
{"frame":35,"values":[0.9929,-0.0364,-0.1134,0,0.0387,0.9991,0.018,0,0.1126,-0.0223,0.9934,0,0,6.9988,0,1]},
{"frame":36,"values":[0.9925,-0.0349,-0.1169,0,0.0369,0.9992,0.0152,0,0.1163,-0.0194,0.993,0,0,6.9988,0,1]},
{"frame":37,"values":[0.9916,-0.0413,-0.1222,0,0.0433,0.999,0.0135,0,0.1215,-0.0186,0.9924,0,0,6.9988,0,1]},
{"frame":38,"values":[0.9913,-0.0517,-0.1208,0,0.0537,0.9985,0.0128,0,0.1199,-0.0192,0.9926,0,0,6.9988,0,1]},
{"frame":39,"values":[0.9911,-0.0655,-0.116,0,0.0676,0.9976,0.014,0,0.1148,-0.0217,0.9932,0,0,6.9988,0,1]},
{"frame":40,"values":[0.9906,-0.0784,-0.1118,0,0.0807,0.9966,0.0164,0,0.1101,-0.0252,0.9936,0,0,6.9988,0,1]},
{"frame":41,"values":[0.9907,-0.0872,-0.1045,0,0.0898,0.9958,0.0198,0,0.1024,-0.029,0.9943,0,0,6.9988,0,1]},
{"frame":42,"values":[0.9923,-0.0799,-0.0947,0,0.0824,0.9963,0.0234,0,0.0925,-0.031,0.9952,0,0,6.9988,0,1]},
{"frame":43,"values":[0.9949,-0.0664,-0.0761,0,0.069,0.9971,0.0313,0,0.0738,-0.0364,0.9966,0,0,6.9988,0,1]},
{"frame":44,"values":[0.9992,-0.0349,-0.0188,0,0.0357,0.9983,0.0453,0,0.0172,-0.0459,0.9988,0,0,6.9987,0,1]},
{"frame":45,"values":[0.9997,-0.0202,0.0133,0,0.0196,0.9987,0.0477,0,-0.0142,-0.0474,0.9988,0,0,6.9988,0,1]},
{"frame":46,"values":[0.9991,-0.0076,0.042,0,0.0056,0.9988,0.0492,0,-0.0423,-0.049,0.9979,0,0,6.9987,0,1]},
{"frame":47,"values":[0.998,0.0013,0.0636,0,-0.0046,0.9986,0.0527,0,-0.0634,-0.0529,0.9966,0,0,6.9988,0,1]},
{"frame":48,"values":[0.9959,0.0102,0.0903,0,-0.0156,0.9981,0.0596,0,-0.0895,-0.0608,0.9941,0,0,6.9988,0,1]},
{"frame":49,"values":[0.9948,0.0135,0.1011,0,-0.0197,0.998,0.0606,0,-0.1001,-0.0623,0.993,0,0,6.9987,0,1]},
{"frame":50,"values":[0.9936,0.0177,0.1116,0,-0.0245,0.9979,0.0598,0,-0.1103,-0.0621,0.9919,0,0,6.9988,0,1]},
{"frame":51,"values":[0.9927,0.0224,0.1184,0,-0.0293,0.998,0.0563,0,-0.1169,-0.0594,0.9914,0,0,6.9987,0,1]},
{"frame":52,"values":[0.9919,0.0279,0.1236,0,-0.0343,0.9982,0.05,0,-0.122,-0.0538,0.9911,0,0,6.9988,0,1]},
{"frame":53,"values":[0.991,0.041,0.1277,0,-0.0454,0.9985,0.0317,0,-0.1262,-0.0372,0.9913,0,0,6.9988,0,1]},
{"frame":54,"values":[0.9907,0.0478,0.1271,0,-0.0511,0.9984,0.0224,0,-0.1258,-0.0287,0.9916,0,0,6.9988,0,1]},
{"frame":55,"values":[0.9906,0.0549,0.1249,0,-0.057,0.9983,0.014,0,-0.124,-0.021,0.9921,0,0,6.9988,0,1]},
{"frame":56,"values":[0.991,0.0623,0.1183,0,-0.0636,0.9979,0.0076,0,-0.1176,-0.015,0.9929,0,0,6.9987,0,1]},
{"frame":57,"values":[0.9927,0.0713,0.0974,0,-0.0722,0.9974,0.0064,0,-0.0967,-0.0134,0.9952,0,0,6.9988,0,1]},
{"frame":58,"values":[0.9938,0.0681,0.0878,0,-0.0693,0.9975,0.0107,0,-0.0869,-0.0167,0.9961,0,0,6.9988,0,1]},
{"frame":59,"values":[0.9953,0.0597,0.0763,0,-0.061,0.998,0.0157,0,-0.0752,-0.0203,0.997,0,0,6.9987,0,1]},
{"frame":60,"values":[0.9972,0.0481,0.0579,0,-0.0494,0.9986,0.0209,0,-0.0568,-0.0237,0.9981,0,0,6.9987,0,1]},
{"frame":61,"values":[0.9998,0.0193,0.0032,0,-0.0194,0.9993,0.0306,0,-0.0026,-0.0307,0.9995,0,0,6.9988,0,1]},
{"frame":62,"values":[0.9997,0.0032,-0.0257,0,-0.0023,0.9994,0.0345,0,0.0258,-0.0345,0.9991,0,0,6.9987,0,1]},
{"frame":63,"values":[0.9987,-0.0115,-0.0492,0,0.0133,0.9992,0.0376,0,0.0488,-0.0382,0.9981,0,0,6.9988,0,1]}],"loopBehavior":1,"name":"anim","property":"_matrix"}},
{"name":"Neck","index":4,"matrix":[0.9979,0.0462,-0.0458,0,-0.04,0.9909,0.1285,0,0.0513,-0.1264,0.9907,0,0,17.2034,0,1],"rest":[1,-0.0002,0,0,0.0002,0.9634,0.2679,0,0,-0.2679,0.9634,0,0,17.2034,0,1],"parentBoneIndex":3,"length":17.0334
,"animation":{"dataType":3,"framePerSecond":24,"keys":[
{"frame":0,"values":[0.9997,0.0042,0.0222,0,-0.0084,0.9808,0.1947,0,-0.021,-0.1949,0.9806,0,0,17.2034,0,1]},
{"frame":1,"values":[0.9997,0.0038,0.0222,0,-0.0081,0.9805,0.1965,0,-0.021,-0.1967,0.9802,0,0,17.2034,0,1]},
{"frame":2,"values":[0.9997,0.0037,0.0221,0,-0.0081,0.9795,0.2011,0,-0.0209,-0.2013,0.9793,0,0,17.2034,0,1]},
{"frame":3,"values":[0.9998,0.0032,0.0219,0,-0.0078,0.9765,0.2153,0,-0.0207,-0.2154,0.9763,0,0,17.2034,0,1]},
{"frame":4,"values":[0.9998,0.0028,0.0219,0,-0.0076,0.9751,0.2218,0,-0.0207,-0.2219,0.9748,0,0,17.2034,0,1]},
{"frame":5,"values":[0.9998,0.0037,0.0219,0,-0.0086,0.9734,0.229,0,-0.0204,-0.2292,0.9732,0,0,17.2034,0,1]},
{"frame":6,"values":[0.9998,0.0023,0.0216,0,-0.0074,0.9706,0.2405,0,-0.0205,-0.2406,0.9704,0,0,17.2034,0,1]},
{"frame":7,"values":[0.9998,0.0019,0.0215,0,-0.007,0.9704,0.2416,0,-0.0204,-0.2417,0.9701,0,0,17.2034,0,1]},
{"frame":8,"values":[0.9998,0.002,0.0213,0,-0.0071,0.9706,0.2407,0,-0.0202,-0.2408,0.9704,0,0,17.2034,0,1]},
{"frame":9,"values":[0.9998,0.0022,0.0212,0,-0.0073,0.9704,0.2413,0,-0.0201,-0.2414,0.9702,0,0,17.2034,0,1]},
{"frame":10,"values":[0.9998,0.0023,0.0212,0,-0.0073,0.9706,0.2404,0,-0.02,-0.2405,0.9704,0,0,17.2034,0,1]},
{"frame":11,"values":[0.9998,0.0029,0.0212,0,-0.0078,0.9717,0.2361,0,-0.02,-0.2362,0.9715,0,0,17.2034,0,1]},
{"frame":12,"values":[0.9998,0.0029,0.0213,0,-0.0078,0.9721,0.2345,0,-0.02,-0.2346,0.9719,0,0,17.2034,0,1]},
{"frame":13,"values":[0.9998,0.0024,0.0213,0,-0.0073,0.9725,0.2329,0,-0.0201,-0.233,0.9723,0,0,17.2034,0,1]},
{"frame":14,"values":[0.9998,0.003,0.0211,0,-0.0077,0.974,0.2263,0,-0.0198,-0.2264,0.9738,0,0,17.2034,0,1]},
{"frame":15,"values":[0.9998,0.0031,0.0208,0,-0.0076,0.9752,0.2213,0,-0.0196,-0.2214,0.975,0,0,17.2034,0,1]},
{"frame":16,"values":[0.9998,0.0036,0.021,0,-0.0081,0.9759,0.2181,0,-0.0197,-0.2183,0.9757,0,0,17.2034,0,1]},
{"frame":17,"values":[0.9998,0.0039,0.0215,0,-0.0085,0.9765,0.2152,0,-0.0201,-0.2154,0.9763,0,0,17.2034,0,1]},
{"frame":18,"values":[0.9998,0.0035,0.0216,0,-0.008,0.9773,0.2115,0,-0.0204,-0.2116,0.9771,0,0,17.2034,0,1]},
{"frame":19,"values":[0.9998,0.0031,0.0215,0,-0.0075,0.9787,0.2051,0,-0.0204,-0.2053,0.9785,0,0,17.2034,0,1]},
{"frame":20,"values":[0.9998,0.0029,0.0215,0,-0.0072,0.9794,0.2019,0,-0.0205,-0.202,0.9792,0,0,17.2034,0,1]},
{"frame":21,"values":[0.9998,0.0029,0.0216,0,-0.0071,0.98,0.1988,0,-0.0206,-0.1989,0.9798,0,0,17.2034,0,1]},
{"frame":22,"values":[0.9997,0.0041,0.0222,0,-0.0083,0.9806,0.1956,0,-0.0209,-0.1958,0.9804,0,0,17.2034,0,1]},
{"frame":30,"values":[0.9996,0.0121,0.0237,0,-0.0158,0.9865,0.163,0,-0.0214,-0.1633,0.9863,0,0,17.2034,0,1]},
{"frame":31,"values":[0.9996,0.0065,0.0258,0,-0.0106,0.9867,0.1621,0,-0.0244,-0.1623,0.9864,0,0,17.2034,0,1]},
{"frame":32,"values":[0.9996,0.0019,0.0271,0,-0.0062,0.9871,0.1597,0,-0.0265,-0.1599,0.9868,0,0,17.2034,0,1]},
{"frame":33,"values":[0.9996,-0.0044,0.0274,0,0.0002,0.9884,0.1516,0,-0.0278,-0.1515,0.9881,0,0,17.2034,0,1]},
{"frame":34,"values":[0.9996,-0.0061,0.0265,0,0.0021,0.9893,0.1461,0,-0.0271,-0.146,0.9889,0,0,17.2034,0,1]},
{"frame":35,"values":[0.9997,-0.0068,0.0248,0,0.0033,0.9901,0.1401,0,-0.0255,-0.14,0.9898,0,0,17.2034,0,1]},
{"frame":36,"values":[0.9997,-0.007,0.0226,0,0.0039,0.991,0.134,0,-0.0233,-0.1339,0.9907,0,0,17.2034,0,1]},
{"frame":37,"values":[0.9998,-0.0062,0.017,0,0.004,0.9923,0.124,0,-0.0176,-0.1239,0.9921,0,0,17.2034,0,1]},
{"frame":38,"values":[0.9999,-0.0056,0.0139,0,0.0039,0.9927,0.1209,0,-0.0145,-0.1209,0.9926,0,0,17.2034,0,1]},
{"frame":39,"values":[0.9999,-0.0051,0.0107,0,0.0038,0.9928,0.1196,0,-0.0112,-0.1195,0.9928,0,0,17.2034,0,1]},
{"frame":40,"values":[1,-0.0046,0.0073,0,0.0037,0.9928,0.1198,0,-0.0078,-0.1198,0.9928,0,0,17.2034,0,1]},
{"frame":41,"values":[1,-0.0032,-0.0002,0,0.0032,0.9924,0.1234,0,-0.0002,-0.1234,0.9924,0,0,17.2034,0,1]},
{"frame":42,"values":[1,-0.0018,-0.0044,0,0.0023,0.9921,0.1257,0,0.0042,-0.1258,0.9921,0,0,17.2034,0,1]},
{"frame":43,"values":[1,0.0007,-0.0091,0,0.0005,0.9918,0.1277,0,0.0091,-0.1277,0.9918,0,0,17.2034,0,1]},
{"frame":44,"values":[0.9998,0.0093,-0.0193,0,-0.0067,0.9916,0.1292,0,0.0203,-0.129,0.9914,0,0,17.2034,0,1]},
{"frame":45,"values":[0.9996,0.0155,-0.0245,0,-0.0122,0.9916,0.1285,0,0.0263,-0.1282,0.9914,0,0,17.2034,0,1]},
{"frame":46,"values":[0.9993,0.0226,-0.0296,0,-0.0187,0.9917,0.1271,0,0.0322,-0.1265,0.9914,0,0,17.2034,0,1]},
{"frame":47,"values":[0.999,0.0301,-0.0344,0,-0.0256,0.9918,0.1253,0,0.0379,-0.1243,0.9915,0,0,17.2034,0,1]},
{"frame":48,"values":[0.9982,0.0433,-0.0421,0,-0.0379,0.9917,0.1226,0,0.0471,-0.1208,0.9916,0,0,17.2034,0,1]},
{"frame":49,"values":[0.9979,0.0476,-0.0447,0,-0.0418,0.9916,0.1225,0,0.0501,-0.1203,0.9915,0,0,17.2034,0,1]},
{"frame":50,"values":[0.9977,0.0497,-0.0461,0,-0.0436,0.9914,0.1234,0,0.0519,-0.1211,0.9913,0,0,17.2034,0,1]},
{"frame":51,"values":[0.9977,0.0492,-0.0465,0,-0.043,0.9912,0.1255,0,0.0522,-0.1232,0.991,0,0,17.2034,0,1]},
{"frame":52,"values":[0.9979,0.0462,-0.0458,0,-0.04,0.9909,0.1285,0,0.0513,-0.1264,0.9907,0,0,17.2034,0,1]},
{"frame":53,"values":[0.9985,0.0348,-0.0418,0,-0.0288,0.9903,0.1361,0,0.0462,-0.1347,0.9898,0,0,17.2034,0,1]},
{"frame":54,"values":[0.9989,0.0277,-0.039,0,-0.022,0.9899,0.1398,0,0.0425,-0.1388,0.9894,0,0,17.2034,0,1]},
{"frame":55,"values":[0.9991,0.0208,-0.0358,0,-0.0155,0.9896,0.1431,0,0.0384,-0.1424,0.9891,0,0,17.2034,0,1]},
{"frame":56,"values":[0.9994,0.015,-0.0323,0,-0.0102,0.9893,0.1455,0,0.0341,-0.1451,0.9888,0,0,17.2034,0,1]},
{"frame":57,"values":[0.9997,0.0087,-0.0236,0,-0.0051,0.9889,0.1486,0,0.0246,-0.1485,0.9886,0,0,17.2034,0,1]},
{"frame":58,"values":[0.9998,0.0085,-0.0182,0,-0.0057,0.9887,0.1496,0,0.0193,-0.1495,0.9886,0,0,17.2034,0,1]},
{"frame":59,"values":[0.9999,0.0098,-0.0121,0,-0.0079,0.9885,0.1507,0,0.0135,-0.1506,0.9885,0,0,17.2034,0,1]},
{"frame":60,"values":[0.9999,0.012,-0.0055,0,-0.011,0.9883,0.1521,0,0.0072,-0.152,0.9883,0,0,17.2034,0,1]},
{"frame":61,"values":[0.9998,0.0154,0.0083,0,-0.0166,0.9876,0.1559,0,-0.0058,-0.1561,0.9877,0,0,17.2034,0,1]},
{"frame":62,"values":[0.9998,0.0151,0.015,0,-0.0173,0.9872,0.1583,0,-0.0124,-0.1585,0.9873,0,0,17.2034,0,1]},
{"frame":63,"values":[0.9997,0.0127,0.022,0,-0.0161,0.9867,0.162,0,-0.0196,-0.1623,0.9865,0,0,17.2034,0,1]}],"loopBehavior":1,"name":"anim","property":"_matrix"}},
{"name":"Head","index":5,"matrix":[0.9639,-0.0997,-0.2469,0,0.0122,0.9428,-0.3333,0,0.266,0.3182,0.9099,0,0,17.0334,0,1],"rest":[1,0,0,0,0,0.996,-0.0898,0,0,0.0898,0.996,0,0,17.0334,0,1],"parentBoneIndex":4,"length":28.3991
,"animation":{"dataType":3,"framePerSecond":24,"keys":[
{"frame":0,"values":[0.9371,-0.1233,-0.3267,0,0.0557,0.9764,-0.2087,0,0.3447,0.1774,0.9218,0,0,17.0334,0,1]},
{"frame":1,"values":[0.9374,-0.1218,-0.3262,0,0.055,0.9769,-0.2066,0,0.3438,0.1757,0.9224,0,0,17.0334,0,1]},
{"frame":2,"values":[0.9375,-0.1179,-0.3274,0,0.0531,0.9783,-0.2003,0,0.3439,0.1704,0.9234,0,0,17.0335,0,1]},
{"frame":3,"values":[0.9377,-0.1078,-0.3302,0,0.0486,0.982,-0.1825,0,0.344,0.1551,0.9261,0,0,17.0334,0,1]},
{"frame":4,"values":[0.9381,-0.1034,-0.3307,0,0.0467,0.9834,-0.1751,0,0.3433,0.1488,0.9274,0,0,17.0334,0,1]},
{"frame":5,"values":[0.9375,-0.1045,-0.3319,0,0.0485,0.9838,-0.1729,0,0.3445,0.146,0.9274,0,0,17.0334,0,1]},
{"frame":6,"values":[0.9378,-0.1023,-0.3316,0,0.0454,0.9835,-0.1751,0,0.3441,0.1492,0.927,0,0,17.0334,0,1]},
{"frame":7,"values":[0.9377,-0.1034,-0.3318,0,0.0435,0.9821,-0.183,0,0.3448,0.1572,0.9254,0,0,17.0334,0,1]},
{"frame":8,"values":[0.9373,-0.1045,-0.3324,0,0.0405,0.9802,-0.1939,0,0.346,0.1683,0.923,0,0,17.0334,0,1]},
{"frame":9,"values":[0.9373,-0.104,-0.3325,0,0.036,0.9782,-0.2043,0,0.3465,0.1795,0.9207,0,0,17.0334,0,1]},
{"frame":10,"values":[0.9372,-0.1044,-0.333,0,0.0321,0.976,-0.2156,0,0.3474,0.1913,0.918,0,0,17.0334,0,1]},
{"frame":11,"values":[0.9367,-0.1063,-0.3335,0,0.0266,0.9716,-0.235,0,0.3491,0.2113,0.913,0,0,17.0334,0,1]},
{"frame":12,"values":[0.937,-0.106,-0.3328,0,0.0249,0.9707,-0.2392,0,0.3484,0.2159,0.9122,0,0,17.0334,0,1]},
{"frame":13,"values":[0.9372,-0.1066,-0.3322,0,0.0256,0.9706,-0.2393,0,0.3479,0.2157,0.9124,0,0,17.0334,0,1]},
{"frame":14,"values":[0.9366,-0.1106,-0.3325,0,0.0303,0.9709,-0.2375,0,0.349,0.2124,0.9127,0,0,17.0334,0,1]},
{"frame":15,"values":[0.9362,-0.1134,-0.3325,0,0.0334,0.9709,-0.237,0,0.3497,0.2108,0.9128,0,0,17.0334,0,1]},
{"frame":16,"values":[0.9363,-0.1148,-0.3318,0,0.0363,0.9716,-0.2338,0,0.3492,0.2069,0.9139,0,0,17.0334,0,1]},
{"frame":17,"values":[0.9367,-0.1154,-0.3306,0,0.0389,0.9726,-0.2292,0,0.348,0.2019,0.9155,0,0,17.0334,0,1]},
{"frame":18,"values":[0.9369,-0.1169,-0.3294,0,0.042,0.9732,-0.226,0,0.347,0.198,0.9167,0,0,17.0334,0,1]},
{"frame":19,"values":[0.9373,-0.1185,-0.3277,0,0.0467,0.9746,-0.219,0,0.3453,0.19,0.9191,0,0,17.0334,0,1]},
{"frame":20,"values":[0.9374,-0.1202,-0.3268,0,0.0497,0.9751,-0.2161,0,0.3446,0.1864,0.9201,0,0,17.0334,0,1]},
{"frame":21,"values":[0.9372,-0.1214,-0.3269,0,0.0518,0.9755,-0.2136,0,0.3449,0.1833,0.9206,0,0,17.0334,0,1]},
{"frame":22,"values":[0.9372,-0.1231,-0.3264,0,0.0551,0.9761,-0.21,0,0.3445,0.1788,0.9216,0,0,17.0334,0,1]},
{"frame":30,"values":[0.994,-0.0032,0.1093,0,0.0438,0.9278,-0.3706,0,-0.1002,0.3731,0.9224,0,0,17.0334,0,1]},
{"frame":31,"values":[0.9922,0.0014,0.1243,0,0.0457,0.9258,-0.3753,0,-0.1156,0.3781,0.9185,0,0,17.0334,0,1]},
{"frame":32,"values":[0.9908,0.0043,0.135,0,0.0477,0.924,-0.3794,0,-0.1264,0.3823,0.9153,0,0,17.0334,0,1]},
{"frame":33,"values":[0.9897,0.0038,0.1432,0,0.0524,0.9209,-0.3862,0,-0.1334,0.3898,0.9112,0,0,17.0334,0,1]},
{"frame":34,"values":[0.99,0.0014,0.1409,0,0.054,0.9199,-0.3884,0,-0.1302,0.3922,0.9106,0,0,17.0334,0,1]},
{"frame":35,"values":[0.991,-0.0014,0.1341,0,0.054,0.9196,-0.389,0,-0.1228,0.3928,0.9114,0,0,17.0334,0,1]},
{"frame":36,"values":[0.9923,-0.0039,0.1237,0,0.052,0.9203,-0.3878,0,-0.1123,0.3913,0.9134,0,0,17.0334,0,1]},
{"frame":37,"values":[0.9954,-0.0069,0.0954,0,0.0428,0.924,-0.3799,0,-0.0855,0.3822,0.9201,0,0,17.0334,0,1]},
{"frame":38,"values":[0.9968,-0.0078,0.0793,0,0.037,0.9268,-0.3738,0,-0.0705,0.3755,0.9241,0,0,17.0334,0,1]},
{"frame":39,"values":[0.998,-0.0092,0.0627,0,0.0316,0.9297,-0.367,0,-0.0549,0.3682,0.9281,0,0,17.0334,0,1]},
{"frame":40,"values":[0.9989,-0.0116,0.0457,0,0.0273,0.9325,-0.3601,0,-0.0385,0.3609,0.9318,0,0,17.0334,0,1]},
{"frame":41,"values":[0.9997,-0.0213,0.0086,0,0.023,0.9377,-0.3468,0,-0.0006,0.3469,0.9379,0,0,17.0334,0,1]},
{"frame":42,"values":[0.9995,-0.0285,-0.0129,0,0.0224,0.94,-0.3405,0,0.0218,0.3401,0.9401,0,0,17.0334,0,1]},
{"frame":43,"values":[0.9986,-0.0365,-0.037,0,0.0221,0.9422,-0.3342,0,0.047,0.3329,0.9418,0,0,17.0334,0,1]},
{"frame":44,"values":[0.9942,-0.0535,-0.0929,0,0.0209,0.9468,-0.3212,0,0.1051,0.3174,0.9424,0,0,17.0334,0,1]},
{"frame":45,"values":[0.9904,-0.0618,-0.1234,0,0.02,0.9488,-0.3152,0,0.1365,0.3097,0.941,0,0,17.0334,0,1]},
{"frame":46,"values":[0.9856,-0.0701,-0.154,0,0.0191,0.9504,-0.3103,0,0.1681,0.3029,0.9381,0,0,17.0334,0,1]},
{"frame":47,"values":[0.98,-0.0782,-0.183,0,0.0185,0.9514,-0.3076,0,0.1981,0.298,0.9338,0,0,17.0334,0,1]},
{"frame":48,"values":[0.9689,-0.0932,-0.2293,0,0.0181,0.9506,-0.3099,0,0.2469,0.2961,0.9227,0,0,17.0334,0,1]},
{"frame":49,"values":[0.9647,-0.0989,-0.244,0,0.0178,0.9491,-0.3146,0,0.2626,0.2992,0.9173,0,0,17.0334,0,1]},
{"frame":50,"values":[0.9624,-0.1024,-0.2517,0,0.0169,0.947,-0.3208,0,0.2712,0.3045,0.9131,0,0,17.0334,0,1]},
{"frame":51,"values":[0.9621,-0.1028,-0.2525,0,0.0151,0.9448,-0.3273,0,0.2722,0.3111,0.9106,0,0,17.0334,0,1]},
{"frame":52,"values":[0.9639,-0.0997,-0.2469,0,0.0122,0.9428,-0.3333,0,0.266,0.3182,0.9099,0,0,17.0334,0,1]},
{"frame":53,"values":[0.9715,-0.0848,-0.2212,0,0.0043,0.9399,-0.3414,0,0.2369,0.3307,0.9135,0,0,17.0334,0,1]},
{"frame":54,"values":[0.9762,-0.0747,-0.2035,0,0.0002,0.9392,-0.3433,0,0.2168,0.3351,0.9169,0,0,17.0334,0,1]},
{"frame":55,"values":[0.9808,-0.0645,-0.1841,0,-0.0029,0.9388,-0.3444,0,0.1951,0.3383,0.9206,0,0,17.0334,0,1]},
{"frame":56,"values":[0.985,-0.0554,-0.1632,0,-0.0044,0.9385,-0.3451,0,0.1723,0.3407,0.9242,0,0,17.0334,0,1]},
